 1.32465988374553            300           5.23500488943375 
 1.30875015418309            300           5.20808514008035 
 1.29417825920351            300           5.18082686653443 
 1.26677947087415            300           5.12586876614802 
 1.24159101794256            300           5.0703513649218 
 1.21843840024574            300           5.01431881818524 
 1.19761245138867            300           4.95769753372257 
 1.17934583825533            300           4.90042863776117 
 1.16486006198658            300           4.84220304299485 
 1.15953667564499            300           4.81260453698766 
 1.15572562404924            300           4.78262335145848 
 1.15365957408331            300           4.75220061263473 
 1.15386202623613            300           4.72120385452802 
 1.15501025329042            300           4.70544054349792 
 1.15732181476459            300           4.68938286360476 
 1.16143654458957            300           4.67286891197387 
 1.16512257768988            300           4.66419981975015 
 1.17747545221825            300           4.65333767949667 
