 1.17747545221825            300           4.65333767949667 
 1.18763309871444            300           4.65850378225004 
 1.19249757360021            300           4.66500926333031 
 1.19931818732205            300           4.67875614764849 
 1.20445196613507            300           4.6929298668181 
 1.20882957757518            300           4.70729492574869 
 1.21630513259353            300           4.73634884935924 
 1.22285002007598            300           4.76563826806024 
 1.2288132403485             300           4.79507487119276 
 1.23477646062101            300           4.82451147432528 
 1.24681923460803            300           4.88335524370401 
 1.25921100892101            300           4.94211070242383 
 1.27160278323399            300           5.00086616114364 
 1.28428539115194            300           5.0595480276477 
 1.29749149955883            300           5.11809742816338 
 1.31122110845467            300           5.17651436269068 
 1.31823132970507            300           5.20568603384645 
 1.32465988374553            300           5.23500488943375 
